0 0.210078 0.905457 0.420156 1.000000
0 0.730156 1.000000 0.599719 1.000000
0 1.000000 1.000000 0.861000 0.850445
0 0.590727 1.000000 0.557734 0.985831
0 0.930500 1.000000 0.658219 0.765433
0 1.000000 1.000000 0.983797 0.857424
0 1.000000 1.000000 0.853125 1.000000
0 0.418297 1.000000 0.325656 0.793044
0 0.860328 1.000000 0.626938 0.807073
0 1.000000 0.935820 0.776062 0.673466
0 0.994313 1.000000 0.771687 1.000000
0 0.059508 1.000000 0.119016 0.938970
0 1.000000 1.000000 0.901500 0.912810
7 0.962133 0.887108 0.646047 0.615855