4 0.457234 0.648075 0.716594 0.586714
0 0.269500 1.000000 0.183219 0.724812
0 0.475234 1.000000 0.322094 0.703404
0 0.351430 1.000000 0.238641 0.709953
0 0.365523 1.000000 0.248828 0.722019
0 0.192109 1.000000 0.130875 0.710164
0 0.567969 1.000000 0.382437 0.700000
0 0.096969 1.000000 0.068937 0.719249
0 0.285555 1.000000 0.194859 0.707371
0 0.309516 1.000000 0.210125 0.724225
0 0.338906 1.000000 0.231719 0.712230
0 0.228422 1.000000 0.156375 0.709718
0 0.319773 1.000000 0.216422 0.725352
0 0.321172 1.000000 0.218969 0.700822
0 0.563281 1.000000 0.817187 0.734742