8 0.436383 0.505427 0.637328 0.782396
0 0.709859 1.000000 0.516312 1.000000
2 0.102641 1.000000 0.123656 0.845208
2 0.151187 1.000000 0.177937 0.830354
6 0.996977 1.000000 0.990047 0.994104
2 0.035625 1.000000 0.071250 0.858250
2 0.259852 1.000000 0.209891 0.815458
2 1.000000 1.000000 0.925922 0.824687
2 0.856273 1.000000 0.628703 0.803354
2 1.000000 1.000000 0.956563 0.804271
2 0.881078 1.000000 0.653000 0.793437
2 0.761750 1.000000 0.595250 0.808687
2 0.811867 1.000000 0.608172 0.804917
2 1.000000 1.000000 1.000000 0.890604