7 0.103164 1.000000 0.073016 0.870562
7 0.421547 1.000000 0.285500 0.865983
0 0.996867 1.000000 0.703266 1.000000
0 0.889070 1.000000 0.617641 1.000000
0 0.828180 1.000000 0.578891 1.000000
0 1.000000 1.000000 0.780266 0.999287
0 0.637648 1.000000 0.454422 1.000000
0 0.684859 1.000000 0.469375 1.000000
2 0.351586 1.000000 0.266859 1.000000
2 0.347336 1.000000 0.250984 0.962138
6 0.495094 1.000000 0.391906 0.977754
7 0.287758 1.000000 0.201016 0.863413
0 0.773062 1.000000 0.532000 1.000000
0 0.708586 1.000000 0.484828 1.000000
0 1.000000 1.000000 0.787641 0.986609
2 0.162539 1.000000 0.135953 0.999482
2 0.100937 1.000000 0.081594 0.942786
2 0.426742 1.000000 0.301672 1.000000
2 0.225945 1.000000 0.171109 0.953261
2 0.231352 1.000000 0.199859 1.000000
2 0.282789 1.000000 0.212328 0.953240
2 0.263719 1.000000 0.187844 0.933521
2 0.148414 1.000000 0.110297 0.950756
2 0.038992 1.000000 0.041016 0.944881
2 0.087195 1.000000 0.087078 0.999395
7 0.236609 1.000000 0.161531 0.874212
7 0.064953 1.000000 0.050656 0.874968
2 0.178656 1.000000 0.144094 0.963888
2 0.221094 1.000000 0.442188 0.997840