22 1.000000 1.000000 1.000000 0.950679
21 0.073711 1.000000 0.147109 1.000000
18 0.989773 1.000000 0.710672 0.983587
18 0.864352 1.000000 0.598016 0.931005
18 0.819953 1.000000 0.581031 0.998859
0 0.555531 0.853302 0.461844 0.946440
0 0.756547 1.000000 0.608594 0.901114
0 0.116945 1.000000 0.205453 0.961793
0 0.603344 1.000000 0.522719 1.000000
0 0.885391 0.975856 0.667812 0.886603
0 1.000000 1.000000 0.937469 1.000000
0 1.000000 0.989158 0.904406 0.955000
0 0.355406 1.000000 0.347531 0.999212
21 0.729711 1.000000 0.568391 0.923505
21 0.194484 1.000000 0.244594 1.000000
16 0.642703 0.889796 0.449375 0.624864