7 0.875773 0.724833 0.598734 0.538500
7 0.550203 0.750292 0.382156 0.549792
7 0.248602 0.754292 0.199297 0.556208
7 0.071789 0.584146 0.068516 0.447833
7 1.000000 1.000000 0.870984 0.716250
0 0.582766 1.000000 0.500000 0.989875
0 0.836391 1.000000 0.647469 0.999646
0 1.000000 1.000000 1.000000 1.000000
0 1.000000 1.000000 0.901344 0.982062
0 0.116312 1.000000 0.112719 0.885083
0 0.225008 1.000000 0.291578 0.988771
0 0.063344 1.000000 0.123313 0.987604
0 1.000000 1.000000 0.824625 0.890208
0 0.390422 1.000000 0.338344 0.998771
0 0.969750 1.000000 0.698094 1.000000
0 1.000000 1.000000 0.759703 0.996813
0 0.667336 1.000000 0.480891 0.809063
0 0.604047 1.000000 0.422406 0.791792
7 0.015211 0.572667 0.030359 0.441417
7 0.386695 1.000000 0.263172 0.680812
7 0.354922 1.000000 0.242094 0.686521
8 0.728984 0.934208 0.561625 0.708875
0 0.619531 1.000000 0.779687 0.997917