5 1.000000 1.000000 0.739460 0.896551
2 0.840400 1.000000 0.578240 0.959144
2 0.755660 1.000000 0.520920 0.977326
2 0.715880 1.000000 0.493880 0.987273
2 0.658470 1.000000 0.455140 0.996043
2 1.000000 1.000000 0.776340 0.892888
2 0.887000 1.000000 0.609560 0.950241
2 1.000000 1.000000 0.734260 0.904759
2 1.000000 1.000000 0.684780 0.921043
2 0.971990 1.000000 0.661340 0.932273
2 0.930820 1.000000 0.637760 0.941765
2 0.798820 1.000000 0.551320 0.969652
2 0.603060 1.000000 0.426840 1.000000
2 1.000000 1.000000 0.706780 0.917005
5 1.000000 1.000000 0.937040 0.839626
5 1.000000 1.000000 0.920740 0.828904
2 1.000000 1.000000 0.756000 0.906417