5 1.000000 1.000000 0.856188 0.734833
0 0.616305 0.976740 0.415641 0.674896
0 0.707164 0.986823 0.477484 0.675354
0 0.752469 0.975437 0.511906 0.677917
0 0.736664 0.968094 0.498266 0.662104
0 1.000000 0.940896 0.984516 0.642583
0 1.000000 0.947167 0.958172 0.641667
0 1.000000 0.945573 0.909078 0.643813
0 1.000000 0.941854 0.925781 0.642875
0 0.597281 0.974688 0.405844 0.673958
0 0.588047 0.982583 0.396063 0.673250
0 0.535594 0.981042 0.365063 0.676875
2 1.000000 1.000000 0.801437 0.869062
2 1.000000 1.000000 0.904141 0.883729
2 1.000000 1.000000 0.924125 0.908354
2 1.000000 1.000000 0.879516 0.845521
2 0.927992 1.000000 0.668641 0.875229
2 1.000000 1.000000 0.992953 0.912187
2 1.000000 1.000000 0.821609 0.824979
2 1.000000 1.000000 0.738312 0.875146
2 1.000000 1.000000 1.000000 0.768125
2 1.000000 1.000000 0.973625 0.910187
2 1.000000 1.000000 0.864266 0.821229
2 1.000000 1.000000 0.926937 0.834354
0 0.849109 0.959656 0.573156 0.657979
2 1.000000 1.000000 0.851797 0.871229
6 0.832969 1.000000 0.608656 0.861604
0 0.685992 0.967469 0.460609 0.652229
0 0.732031 0.962500 0.998437 0.687500
2 0.919531 0.994792 0.998437 0.793750