2 0.484352 1.000000 0.388766 0.945816
0 0.655992 1.000000 0.452047 0.972615
0 0.197008 1.000000 0.141141 0.941339
0 1.000000 1.000000 0.854563 0.961130
0 1.000000 1.000000 0.721187 0.999477
0 0.710930 1.000000 0.484266 0.974310
2 0.297977 1.000000 0.246141 0.932092
0 0.052617 1.000000 0.040766 0.917782
0 1.000000 1.000000 0.879937 0.927929
0 0.628812 1.000000 0.430469 0.942050
0 1.000000 1.000000 0.975875 0.913996
0 1.000000 1.000000 0.913375 0.904310
0 1.000000 1.000000 0.938359 0.915711
2 0.861016 1.000000 0.584937 0.935084
6 0.358047 1.000000 0.295125 0.933661