13 0.340719 1.000000 0.378969 0.877511
1 1.000000 1.000000 0.885828 0.875443
2 0.040781 1.000000 0.067750 0.792700
2 0.181281 1.000000 0.211656 0.853734
2 0.091031 1.000000 0.099125 0.829177
0 0.751523 1.000000 0.537016 0.890190
0 0.563312 1.000000 0.426844 0.873143
0 1.000000 1.000000 0.750734 0.885338
0 1.000000 1.000000 0.702641 0.885675
0 0.939516 1.000000 0.670719 0.892131
0 1.000000 1.000000 0.850047 0.893333
0 1.000000 1.000000 0.810437 0.772131
0 1.000000 1.000000 0.826875 0.876118
0 1.000000 1.000000 0.755781 0.724304
2 0.010539 1.000000 0.020766 0.770549
0 0.790680 1.000000 0.584453 0.920401
0 1.000000 1.000000 0.706281 0.776983
8 1.000000 0.764852 0.767062 0.563376
0 0.580773 1.000000 0.443891 0.841688