16 0.264211 1.000000 0.210828 0.852417
16 0.467758 1.000000 0.361922 0.998333
0 0.746641 0.613615 0.635656 0.616854
0 0.230391 0.906958 0.457406 0.894625
19 0.664516 1.000000 0.568125 0.829375
18 0.451133 1.000000 0.450672 1.000000
21 0.941977 1.000000 0.752016 0.922083
21 1.000000 1.000000 0.821047 0.992229
21 0.469984 1.000000 0.393344 0.830479
0 1.000000 1.000000 1.000000 1.000000
16 0.274375 1.000000 0.235875 1.000000
21 1.000000 1.000000 0.811750 0.775021
18 1.000000 1.000000 1.000000 1.000000