13 0.782786 1.000000 0.559134 0.943007
13 0.977214 1.000000 0.668644 0.933546
13 0.975694 1.000000 0.684984 0.832908
13 1.000000 1.000000 0.992941 0.984395
13 1.000000 1.000000 0.882386 0.923840
13 1.000000 1.000000 0.849755 0.923938
13 0.902418 1.000000 0.645523 0.937255
13 0.374493 1.000000 0.273203 0.807712
13 0.703178 1.000000 0.505801 0.943072
13 0.958897 1.000000 0.666324 0.928301
13 1.000000 1.000000 0.772157 0.928562
13 1.000000 1.000000 0.775082 0.974085
13 1.000000 1.000000 0.883088 0.982075
13 1.000000 1.000000 0.888725 0.777484
9 0.832647 1.000000 0.631634 0.998676
13 1.000000 1.000000 0.927761 0.840082
13 0.500817 0.917484 0.998366 0.998366