0 0.916953 1.000000 0.621312 0.789673
0 0.800891 1.000000 0.541094 0.770771
0 0.785906 1.000000 0.530500 0.770280
0 0.953063 1.000000 0.650687 0.791262
0 1.000000 1.000000 0.885422 0.785140
0 1.000000 1.000000 0.849281 0.772687
2 0.660453 1.000000 0.450406 0.740748
2 0.737734 1.000000 0.502750 0.751379
2 0.698172 1.000000 0.474406 0.749182
2 0.616016 1.000000 0.430938 0.767734
0 0.649203 1.000000 0.441156 0.793061
0 1.000000 1.000000 0.858047 0.780210
0 1.000000 1.000000 0.923375 0.773738
0 0.589789 1.000000 0.398734 0.792734
0 0.553547 1.000000 0.377188 0.793411
0 0.521734 1.000000 0.355781 0.795935
0 0.602344 1.000000 0.879687 0.803738