9 0.259227 1.000000 0.420094 0.856750
9 1.000000 1.000000 0.757939 0.790891
0 0.974087 0.840273 0.724941 0.633984
0 1.000000 1.000000 0.796136 0.844938
0 0.894110 1.000000 0.669251 0.846797
0 0.795258 1.000000 0.636745 0.845766
0 0.420211 1.000000 0.355316 0.789453
0 1.000000 1.000000 0.856768 0.839016
0 0.159532 1.000000 0.179110 0.792953
0 0.685574 0.491359 0.640749 0.544031
0 0.862892 0.856148 0.629016 0.610547
0 0.200082 0.843797 0.203817 0.613687
0 0.050562 1.000000 0.101124 0.790562
0 0.612892 1.000000 0.478478 0.848375
0 1.000000 1.000000 0.960468 0.841000
0 0.488290 0.425781 0.971897 0.810937